format  1   0
dim
          3
crystal_system
              cubic
N_cell_param
              1
cell_param    
      1.9231990000e+00
group_name
          I_m_-3_m
N_monomer
          2
N_basis
                 489
    0    1       0       1   0     0     0     0  0.0000000e+00
    1   12       7      19   0     1     1     0  2.1347218e+01
    2    6      27      33   0     2     0     0  4.2694436e+01
    3   24      57      81   0     2     1     1  6.4041654e+01
    4   12      81      93   0     2     2     0  8.5388872e+01
    5   24     123     147   0     3     1     0  1.0673609e+02
    6    8     171     179   0     2     2     2  1.2808331e+02
    7   48     203     251   0     3     2     1  1.4943053e+02
    8    6     251     257   0     4     0     0  1.7077774e+02
    9   12     305     317   0     3     3     0  1.9212496e+02
   10   24     317     341   0     4     1     1  1.9212496e+02
   11   24     365     389   0     4     2     0  2.1347218e+02
   12   24     437     461   0     3     3     2  2.3481940e+02
   13   24     461     485   0     4     2     2  2.5616661e+02
   14   24     515     539   0     5     1     0  2.7751383e+02
   15   48     539     587   0     4     3     1  2.7751383e+02
   16   48     691     739   0     5     2     1  3.2020827e+02
   17   12     739     751   0     4     4     0  3.4155549e+02
   18   24     799     823   0     5     3     0  3.6290270e+02
   19   24     823     847   0     4     3     3  3.6290270e+02
   20    6     895     901   0     6     0     0  3.8424992e+02
   21   24     901     925   0     4     4     2  3.8424992e+02
   22   24     949     973   0     6     1     1  4.0559714e+02
   23   48     973    1021   0     5     3     2  4.0559714e+02
   24   24    1021    1045   0     6     2     0  4.2694436e+02
   25   48    1141    1189   0     5     4     1  4.4829158e+02
   26   24    1213    1237   0     6     2     2  4.6963879e+02
   27   48    1309    1357   0     6     3     1  4.9098601e+02
   28    8    1357    1365   0     4     4     4  5.1233323e+02
   29   24    1419    1443   0     7     1     0  5.3368045e+02
   30   12    1443    1455   0     5     5     0  5.3368045e+02
   31   48    1455    1503   0     5     4     3  5.3368045e+02
   32   24    1551    1575   0     6     4     0  5.5502767e+02
   33   48    1647    1695   0     7     2     1  5.7637488e+02
   34   24    1695    1719   0     5     5     2  5.7637488e+02
   35   24    1719    1743   0     6     3     3  5.7637488e+02
   36   48    1743    1791   0     6     4     2  5.9772210e+02
   37   24    1839    1863   0     7     3     0  6.1906932e+02
   38   48    2007    2055   0     6     5     1  6.6176376e+02
   39   48    2055    2103   0     7     3     2  6.6176376e+02
   40    6    2103    2109   0     8     0     0  6.8311097e+02
   41   24    2205    2229   0     8     1     1  7.0445819e+02
   42   48    2229    2277   0     7     4     1  7.0445819e+02
   43   24    2277    2301   0     5     5     4  7.0445819e+02
   44   24    2325    2349   0     8     2     0  7.2580541e+02
   45   24    2349    2373   0     6     4     4  7.2580541e+02
   46   48    2469    2517   0     6     5     3  7.4715263e+02
   47   12    2517    2529   0     6     6     0  7.6849984e+02
   48   24    2529    2553   0     8     2     2  7.6849984e+02
   49   24    2601    2625   0     7     5     0  7.8984706e+02
   50   48    2625    2673   0     8     3     1  7.8984706e+02
   51   48    2673    2721   0     7     4     3  7.8984706e+02
   52   24    2777    2801   0     6     6     2  8.1119428e+02
   53   48    2897    2945   0     7     5     2  8.3254150e+02
   54   24    2945    2969   0     8     4     0  8.5388872e+02
   55   24    3071    3095   0     9     1     0  8.7523593e+02
   56   24    3095    3119   0     8     3     3  8.7523593e+02
   57   48    3191    3239   0     8     4     2  8.9658315e+02
   58   48    3287    3335   0     9     2     1  9.1793037e+02
   59   48    3335    3383   0     7     6     1  9.1793037e+02
   60   24    3383    3407   0     6     5     5  9.1793037e+02
   61   24    3407    3431   0     6     6     4  9.3927759e+02
   62   24    3575    3599   0     9     3     0  9.6062481e+02
   63   48    3599    3647   0     8     5     1  9.6062481e+02
   64   48    3647    3695   0     7     5     4  9.6062481e+02
   65   48    3791    3839   0     9     3     2  1.0033192e+03
   66   48    3839    3887   0     7     6     3  1.0033192e+03
   67   24    3887    3911   0     8     4     4  1.0246665e+03
   68   12    3959    3971   0     7     7     0  1.0460137e+03
   69   48    3971    4019   0     9     4     1  1.0460137e+03
   70   48    4019    4067   0     8     5     3  1.0460137e+03
   71    6    4139    4145   0    10     0     0  1.0673609e+03
   72   24    4145    4169   0     8     6     0  1.0673609e+03
   73   24    4337    4361   0    10     1     1  1.0887081e+03
   74   24    4361    4385   0     7     7     2  1.0887081e+03
   75   24    4385    4409   0    10     2     0  1.1100553e+03
   76   48    4409    4457   0     8     6     2  1.1100553e+03
   77   24    4553    4577   0     9     5     0  1.1314025e+03
   78   48    4577    4625   0     9     4     3  1.1314025e+03
   79   24    4697    4721   0    10     2     2  1.1527498e+03
   80    8    4721    4729   0     6     6     6  1.1527498e+03
   81   48    4801    4849   0    10     3     1  1.1740970e+03
   82   48    4849    4897   0     9     5     2  1.1740970e+03
   83   48    4897    4945   0     7     6     5  1.1740970e+03
   84   48    5041    5089   0     8     7     1  1.2167914e+03
   85   24    5089    5113   0     7     7     4  1.2167914e+03
   86   24    5113    5137   0     8     5     5  1.2167914e+03
   87   24    5185    5209   0    10     4     0  1.2381386e+03
   88   48    5209    5257   0     8     6     4  1.2381386e+03
   89   48    5377    5425   0     9     6     1  1.2594859e+03
   90   24    5425    5449   0    10     3     3  1.2594859e+03
   91   48    5449    5497   0    10     4     2  1.2808331e+03
   92   24    5575    5599   0    11     1     0  1.3021803e+03
   93   48    5599    5647   0     8     7     3  1.3021803e+03
   94   48    5647    5695   0     9     5     4  1.3021803e+03
   95   48    5887    5935   0    11     2     1  1.3448747e+03
   96   48    5935    5983   0    10     5     1  1.3448747e+03
   97   48    5983    6031   0     9     6     3  1.3448747e+03
   98   12    6031    6043   0     8     8     0  1.3662219e+03
   99   24    6187    6211   0    11     3     0  1.3875692e+03
  100   24    6211    6235   0     9     7     0  1.3875692e+03
  101   24    6355    6379   0     8     8     2  1.4089164e+03
  102   24    6379    6403   0    10     4     4  1.4089164e+03
  103   48    6451    6499   0    11     3     2  1.4302636e+03
  104   48    6499    6547   0     9     7     2  1.4302636e+03
  105   48    6547    6595   0    10     5     3  1.4302636e+03
  106   24    6595    6619   0     7     7     6  1.4302636e+03
  107   24    6619    6643   0    10     6     0  1.4516108e+03
  108   24    6643    6667   0     8     6     6  1.4516108e+03
  109   48    6763    6811   0    11     4     1  1.4729580e+03
  110   48    6811    6859   0     8     7     5  1.4729580e+03
  111   48    6931    6979   0    10     6     2  1.4943053e+03
  112   48    7075    7123   0     9     6     5  1.5156525e+03
  113    6    7123    7129   0    12     0     0  1.5369997e+03
  114   24    7129    7153   0     8     8     4  1.5369997e+03
  115   24    7249    7273   0    11     5     0  1.5583469e+03
  116   24    7273    7297   0    12     1     1  1.5583469e+03
  117   48    7297    7345   0     9     8     1  1.5583469e+03
  118   48    7345    7393   0    11     4     3  1.5583469e+03
  119   48    7393    7441   0     9     7     4  1.5583469e+03
  120   24    7497    7521   0    12     2     0  1.5796941e+03
  121   48    7689    7737   0    10     7     1  1.6010413e+03
  122   48    7737    7785   0    11     5     2  1.6010413e+03
  123   24    7785    7809   0    10     5     5  1.6010413e+03
  124   24    7809    7833   0    12     2     2  1.6223886e+03
  125   48    7833    7881   0    10     6     4  1.6223886e+03
  126   48    8025    8073   0    12     3     1  1.6437358e+03
  127   48    8073    8121   0     9     8     3  1.6437358e+03
  128   48    8289    8337   0    11     6     1  1.6864302e+03
  129   48    8337    8385   0    10     7     3  1.6864302e+03
  130   24    8385    8409   0    12     4     0  1.7077774e+03
  131   12    8601    8613   0     9     9     0  1.7291247e+03
  132   24    8613    8637   0    12     3     3  1.7291247e+03
  133   48    8637    8685   0    11     5     4  1.7291247e+03
  134   24    8685    8709   0     8     7     7  1.7291247e+03
  135   24    8733    8757   0    10     8     0  1.7504719e+03
  136   48    8757    8805   0    12     4     2  1.7504719e+03
  137   24    8805    8829   0     8     8     6  1.7504719e+03
  138   24    8925    8949   0     9     9     2  1.7718191e+03
  139   48    8949    8997   0    11     6     3  1.7718191e+03
  140   48    8997    9045   0     9     7     6  1.7718191e+03
  141   48    9045    9093   0    10     8     2  1.7931663e+03
  142   24    9171    9195   0    13     1     0  1.8145135e+03
  143   24    9195    9219   0    11     7     0  1.8145135e+03
  144   48    9219    9267   0    12     5     1  1.8145135e+03
  145   48    9267    9315   0     9     8     5  1.8145135e+03
  146   24    9435    9459   0    10     6     6  1.8358607e+03
  147   48    9627    9675   0    13     2     1  1.8572080e+03
  148   48    9675    9723   0    11     7     2  1.8572080e+03
  149   48    9723    9771   0    10     7     5  1.8572080e+03
  150   24    9771    9795   0    12     4     4  1.8785552e+03
  151   24    9843    9867   0    13     3     0  1.8999024e+03
  152   48    9867    9915   0    12     5     3  1.8999024e+03
  153   24    9915    9939   0     9     9     4  1.8999024e+03
  154   24   10059   10083   0    12     6     0  1.9212496e+03
  155   48   10083   10131   0    10     8     4  1.9212496e+03
  156   48   10251   10299   0    10     9     1  1.9425968e+03
  157   48   10299   10347   0    13     3     2  1.9425968e+03
  158   48   10347   10395   0    11     6     5  1.9425968e+03
  159   48   10395   10443   0    12     6     2  1.9639440e+03
  160   48   10635   10683   0    13     4     1  1.9852913e+03
  161   48   10683   10731   0    11     8     1  1.9852913e+03
  162   48   10731   10779   0    11     7     4  1.9852913e+03
  163   48   11019   11067   0    10     9     3  2.0279857e+03
  164    8   11067   11075   0     8     8     8  2.0493329e+03
  165   24   11123   11147   0    13     5     0  2.0706801e+03
  166   48   11147   11195   0    12     7     1  2.0706801e+03
  167   48   11195   11243   0    13     4     3  2.0706801e+03
  168   48   11243   11291   0    11     8     3  2.0706801e+03
  169   24   11291   11315   0    12     5     5  2.0706801e+03
  170   48   11315   11363   0     9     8     7  2.0706801e+03
  171    6   11459   11465   0    14     0     0  2.0920274e+03
  172   48   11465   11513   0    12     6     4  2.0920274e+03
  173   24   11633   11657   0    14     1     1  2.1133746e+03
  174   48   11657   11705   0    13     5     2  2.1133746e+03
  175   24   11705   11729   0     9     9     6  2.1133746e+03
  176   24   11729   11753   0    10     7     7  2.1133746e+03
  177   24   11753   11777   0    14     2     0  2.1347218e+03
  178   12   11777   11789   0    10    10     0  2.1347218e+03
  179   48   11789   11837   0    10     8     6  2.1347218e+03
  180   24   11981   12005   0    11     9     0  2.1560690e+03
  181   48   12005   12053   0    12     7     3  2.1560690e+03
  182   24   12149   12173   0    14     2     2  2.1774162e+03
  183   24   12173   12197   0    10    10     2  2.1774162e+03
  184   48   12293   12341   0    14     3     1  2.1987634e+03
  185   48   12341   12389   0    13     6     1  2.1987634e+03
  186   48   12389   12437   0    11     9     2  2.1987634e+03
  187   48   12437   12485   0    10     9     5  2.1987634e+03
  188   48   12485   12533   0    11     7     6  2.1987634e+03
  189   24   12533   12557   0    12     8     0  2.2201107e+03
  190   48   12797   12845   0    13     5     4  2.2414579e+03
  191   48   12845   12893   0    11     8     5  2.2414579e+03
  192   24   12965   12989   0    14     4     0  2.2628051e+03
  193   48   12989   13037   0    12     8     2  2.2628051e+03
  194   24   13133   13157   0    14     3     3  2.2841523e+03
  195   48   13157   13205   0    13     6     3  2.2841523e+03
  196   48   13205   13253   0    14     4     2  2.3054995e+03
  197   24   13253   13277   0    10    10     4  2.3054995e+03
  198   24   13277   13301   0    12     6     6  2.3054995e+03
  199   24   13397   13421   0    13     7     0  2.3268468e+03
  200   48   13421   13469   0    11     9     4  2.3268468e+03
  201   48   13469   13517   0    12     7     5  2.3268468e+03
  202   48   13805   13853   0    14     5     1  2.3695412e+03
  203   48   13853   13901   0    11    10     1  2.3695412e+03
  204   48   13901   13949   0    13     7     2  2.3695412e+03
  205   48   13949   13997   0    12     8     4  2.3908884e+03
  206   24   14147   14171   0    15     1     0  2.4122356e+03
  207   48   14171   14219   0    12     9     1  2.4122356e+03
  208   24   14219   14243   0     9     9     8  2.4122356e+03
  209   24   14363   14387   0    14     4     4  2.4335828e+03
  210   24   14387   14411   0    10     8     8  2.4335828e+03
  211   48   14531   14579   0    15     2     1  2.4549301e+03
  212   48   14579   14627   0    14     5     3  2.4549301e+03
  213   48   14627   14675   0    11    10     3  2.4549301e+03
  214   48   14675   14723   0    13     6     5  2.4549301e+03
  215   48   14723   14771   0    10     9     7  2.4549301e+03
  216   24   14771   14795   0    14     6     0  2.4762773e+03
  217   24   14939   14963   0    15     3     0  2.4976245e+03
  218   48   14963   15011   0    13     8     1  2.4976245e+03
  219   48   15011   15059   0    12     9     3  2.4976245e+03
  220   48   15059   15107   0    13     7     4  2.4976245e+03
  221   48   15107   15155   0    11     8     7  2.4976245e+03
  222   48   15203   15251   0    14     6     2  2.5189717e+03
  223   24   15251   15275   0    10    10     6  2.5189717e+03
  224   48   15419   15467   0    15     3     2  2.5403189e+03
  225   48   15467   15515   0    11     9     6  2.5403189e+03
  226   12   15659   15671   0    11    11     0  2.5830134e+03
  227   48   15671   15719   0    15     4     1  2.5830134e+03
  228   48   15719   15767   0    13     8     3  2.5830134e+03
  229   24   15767   15791   0    12     7     7  2.5830134e+03
  230   24   15895   15919   0    12    10     0  2.6043606e+03
  231   48   15919   15967   0    12     8     6  2.6043606e+03
  232   48   16135   16183   0    14     7     1  2.6257078e+03
  233   24   16183   16207   0    11    11     2  2.6257078e+03
  234   24   16207   16231   0    14     5     5  2.6257078e+03
  235   48   16231   16279   0    11    10     5  2.6257078e+03
  236   48   16279   16327   0    12    10     2  2.6470550e+03
  237   48   16327   16375   0    14     6     4  2.6470550e+03
  238   24   16519   16543   0    15     5     0  2.6684022e+03
  239   24   16543   16567   0    13     9     0  2.6684022e+03
  240   48   16567   16615   0    15     4     3  2.6684022e+03
  241   48   16615   16663   0    12     9     5  2.6684022e+03
  242   48   16879   16927   0    15     5     2  2.7110967e+03
  243   48   16927   16975   0    13     9     2  2.7110967e+03
  244   48   16975   17023   0    14     7     3  2.7110967e+03
  245   48   17023   17071   0    13     7     6  2.7110967e+03
  246    3   17071   17074   0    16     0     0  2.7324439e+03
  247   12   17254   17266   0    16     1     1  2.7537911e+03
  248   24   17266   17290   0    11    11     4  2.7537911e+03
  249   48   17290   17338   0    13     8     5  2.7537911e+03
  250   12   17434   17446   0    16     2     0  2.7751383e+03
  251   24   17446   17470   0    14     8     0  2.7751383e+03
  252   48   17470   17518   0    12    10     4  2.7751383e+03
  253   48   17710   17758   0    15     6     1  2.7964855e+03
  254   24   17758   17782   0    10     9     9  2.7964855e+03
  255   12   17782   17794   0    16     2     2  2.8178328e+03
  256   48   17794   17842   0    14     8     2  2.8178328e+03
  257   24   17842   17866   0    10    10     8  2.8178328e+03
  258   24   17950   17974   0    16     3     1  2.8391800e+03
  259   48   17974   18022   0    12    11     1  2.8391800e+03
  260   48   18022   18070   0    15     5     4  2.8391800e+03
  261   48   18070   18118   0    13     9     4  2.8391800e+03
  262   48   18118   18166   0    11     9     8  2.8391800e+03
  263   24   18214   18238   0    14     6     6  2.8605272e+03
  264   48   18478   18526   0    13    10     1  2.8818744e+03
  265   48   18526   18574   0    15     6     3  2.8818744e+03
  266   48   18574   18622   0    14     7     5  2.8818744e+03
  267   48   18622   18670   0    11    10     7  2.8818744e+03
  268   12   18670   18682   0    16     4     0  2.9032216e+03
  269   24   18682   18706   0    12     8     8  2.9032216e+03
  270   24   18778   18802   0    15     7     0  2.9245689e+03
  271   12   18802   18814   0    16     3     3  2.9245689e+03
  272   48   18814   18862   0    12    11     3  2.9245689e+03
  273   48   18862   18910   0    12     9     7  2.9245689e+03
  274   24   19030   19054   0    16     4     2  2.9459161e+03
  275   48   19054   19102   0    14     8     4  2.9459161e+03
  276   48   19174   19222   0    14     9     1  2.9672633e+03
  277   48   19222   19270   0    15     7     2  2.9672633e+03
  278   48   19270   19318   0    13    10     3  2.9672633e+03
  279   24   19318   19342   0    11    11     6  2.9672633e+03
  280   48   19342   19390   0    12    10     6  2.9886105e+03
  281   24   19594   19618   0    16     5     1  3.0099577e+03
  282   48   19618   19666   0    13     8     7  3.0099577e+03
  283   48   19906   19954   0    14     9     3  3.0526522e+03
  284   48   19954   20002   0    15     6     5  3.0526522e+03
  285   48   20002   20050   0    13     9     6  3.0526522e+03
  286   12   20050   20062   0    12    12     0  3.0739994e+03
  287   12   20062   20074   0    16     4     4  3.0739994e+03
  288   24   20170   20194   0    13    11     0  3.0953466e+03
  289   48   20194   20242   0    15     8     1  3.0953466e+03
  290   24   20242   20266   0    16     5     3  3.0953466e+03
  291   48   20266   20314   0    15     7     4  3.0953466e+03
  292   48   20314   20362   0    12    11     5  3.0953466e+03
  293   12   20434   20446   0    16     6     0  3.1166938e+03
  294   24   20446   20470   0    12    12     2  3.1166938e+03
  295   48   20638   20686   0    13    11     2  3.1380410e+03
  296   48   20686   20734   0    13    10     5  3.1380410e+03
  297   24   20734   20758   0    14     7     7  3.1380410e+03
  298   24   20758   20782   0    14    10     0  3.1593883e+03
  299   24   20782   20806   0    16     6     2  3.1593883e+03
  300   48   20806   20854   0    14     8     6  3.1593883e+03
  301   48   20998   21046   0    15     8     3  3.1807355e+03
  302   48   21190   21238   0    14    10     2  3.2020827e+03
  303    8   21238   21246   0    10    10    10  3.2020827e+03
  304   48   21318   21366   0    14     9     5  3.2234299e+03
  305   48   21366   21414   0    11    10     9  3.2234299e+03
  306   24   21414   21438   0    12    12     4  3.2447771e+03
  307   24   21594   21618   0    15     9     0  3.2661243e+03
  308   24   21618   21642   0    16     7     1  3.2661243e+03
  309   48   21642   21690   0    13    11     4  3.2661243e+03
  310   12   21690   21702   0    16     5     5  3.2661243e+03
  311   24   21702   21726   0    11    11     8  3.2661243e+03
  312   24   21726   21750   0    12     9     9  3.2661243e+03
  313   24   21798   21822   0    16     6     4  3.2874716e+03
  314   48   21822   21870   0    12    10     8  3.2874716e+03
  315   48   21942   21990   0    15     9     2  3.3088188e+03
  316   48   21990   22038   0    15     7     6  3.3088188e+03
  317   48   22038   22086   0    14    10     4  3.3301660e+03
  318   48   22182   22230   0    13    12     1  3.3515132e+03
  319   24   22230   22254   0    16     7     3  3.3515132e+03
  320   48   22254   22302   0    15     8     5  3.3515132e+03
  321   48   22302   22350   0    12    11     7  3.3515132e+03
  322   48   22350   22398   0    13     9     8  3.3515132e+03
  323   48   22590   22638   0    14    11     1  3.3942076e+03
  324   48   22638   22686   0    13    10     7  3.3942076e+03
  325   12   22686   22698   0    16     8     0  3.4155549e+03
  326   48   22866   22914   0    13    12     3  3.4369021e+03
  327   48   22914   22962   0    15     9     4  3.4369021e+03
  328   24   23010   23034   0    16     8     2  3.4582493e+03
  329   24   23034   23058   0    12    12     6  3.4582493e+03
  330   24   23058   23082   0    14     8     8  3.4582493e+03
  331   48   23202   23250   0    15    10     1  3.4795965e+03
  332   48   23250   23298   0    14    11     3  3.4795965e+03
  333   48   23298   23346   0    13    11     6  3.4795965e+03
  334   48   23346   23394   0    14     9     7  3.4795965e+03
  335   12   23394   23406   0    16     6     6  3.5009437e+03
  336   24   23574   23598   0    16     7     5  3.5222910e+03
  337   48   23670   23718   0    14    10     6  3.5436382e+03
  338   48   23814   23862   0    15    10     3  3.5649854e+03
  339   24   23862   23886   0    16     8     4  3.5863326e+03
  340   12   23922   23934   0    13    13     0  3.6076798e+03
  341   24   23934   23958   0    16     9     1  3.6076798e+03
  342   48   23958   24006   0    13    12     5  3.6076798e+03
  343   48   24006   24054   0    15     8     7  3.6076798e+03
  344   24   24126   24150   0    14    12     0  3.6290270e+03
  345   24   24342   24366   0    13    13     2  3.6503743e+03
  346   48   24366   24414   0    14    11     5  3.6503743e+03
  347   48   24414   24462   0    15     9     6  3.6503743e+03
  348   24   24462   24486   0    11    11    10  3.6503743e+03
  349   48   24486   24534   0    14    12     2  3.6717215e+03
  350   24   24534   24558   0    12    10    10  3.6717215e+03
  351   24   24630   24654   0    15    11     0  3.6930687e+03
  352   24   24654   24678   0    16     9     3  3.6930687e+03
  353   48   24678   24726   0    12    11     9  3.6930687e+03
  354   48   24894   24942   0    15    11     2  3.7357631e+03
  355   48   24942   24990   0    15    10     5  3.7357631e+03
  356   48   24990   25038   0    13    10     9  3.7357631e+03
  357   24   25038   25062   0    12    12     8  3.7571104e+03
  358   24   25158   25182   0    13    13     4  3.7784576e+03
  359   12   25182   25194   0    16     7     7  3.7784576e+03
  360   48   25194   25242   0    13    11     8  3.7784576e+03
  361   12   25338   25350   0    16    10     0  3.7998048e+03
  362   48   25350   25398   0    14    12     4  3.7998048e+03
  363   24   25398   25422   0    16     8     6  3.7998048e+03
  364   24   25446   25470   0    14     9     9  3.8211520e+03
  365   24   25470   25494   0    16    10     2  3.8424992e+03
  366   48   25494   25542   0    14    10     8  3.8424992e+03
  367   48   25590   25638   0    15    11     4  3.8638464e+03
  368   24   25638   25662   0    16     9     5  3.8638464e+03
  369   48   25662   25710   0    13    12     7  3.8638464e+03
  370   48   25886   25934   0    14    13     1  3.9065409e+03
  371   48   25934   25982   0    14    11     7  3.9065409e+03
  372   48   26126   26174   0    15    12     1  3.9492353e+03
  373   48   26174   26222   0    15     9     8  3.9492353e+03
  374   24   26318   26342   0    16    10     4  3.9705825e+03
  375   48   26414   26462   0    14    13     3  3.9919297e+03
  376   24   26462   26486   0    13    13     6  3.9919297e+03
  377   48   26486   26534   0    15    10     7  3.9919297e+03
  378   48   26534   26582   0    14    12     6  4.0132770e+03
  379   24   26690   26714   0    16    11     1  4.0346242e+03
  380   48   26714   26762   0    15    12     3  4.0346242e+03
  381   48   26906   26954   0    15    11     6  4.0773186e+03
  382   12   26954   26966   0    16     8     8  4.0986658e+03
  383   24   27014   27038   0    16    11     3  4.1200131e+03
  384   24   27038   27062   0    16     9     7  4.1200131e+03
  385   24   27062   27086   0    12    11    11  4.1200131e+03
  386   24   27134   27158   0    12    12    10  4.1413603e+03
  387   48   27254   27302   0    14    13     5  4.1627075e+03
  388   48   27302   27350   0    13    11    10  4.1627075e+03
  389   12   27350   27362   0    14    14     0  4.1840547e+03
  390   24   27362   27386   0    16    10     6  4.1840547e+03
  391   24   27434   27458   0    15    13     0  4.2054019e+03
  392   48   27458   27506   0    15    12     5  4.2054019e+03
  393   48   27506   27554   0    13    12     9  4.2054019e+03
  394   24   27650   27674   0    14    14     2  4.2267491e+03
  395   24   27674   27698   0    14    10    10  4.2267491e+03
  396   48   27698   27746   0    15    13     2  4.2480964e+03
  397   48   27746   27794   0    14    11     9  4.2480964e+03
  398   12   27794   27806   0    16    12     0  4.2694436e+03
  399   24   27926   27950   0    16    11     5  4.2907908e+03
  400   24   27950   27974   0    13    13     8  4.2907908e+03
  401   24   28022   28046   0    16    12     2  4.3121380e+03
  402   48   28046   28094   0    14    12     8  4.3121380e+03
  403   48   28166   28214   0    15    10     9  4.3334852e+03
  404   24   28214   28238   0    14    14     4  4.3548325e+03
  405   48   28286   28334   0    15    13     4  4.3761797e+03
  406   48   28334   28382   0    15    11     8  4.3761797e+03
  407   48   28478   28526   0    14    13     7  4.4188741e+03
  408   24   28526   28550   0    16    12     4  4.4402213e+03
  409   48   28622   28670   0    15    12     7  4.4615685e+03
  410   12   28670   28682   0    16     9     9  4.4615685e+03
  411   24   28754   28778   0    16    10     8  4.4829158e+03
  412   48   28850   28898   0    15    14     1  4.5042630e+03
  413   24   29006   29030   0    16    13     1  4.5469574e+03
  414   24   29030   29054   0    16    11     7  4.5469574e+03
  415   24   29102   29126   0    14    14     6  4.5683046e+03
  416   48   29198   29246   0    15    14     3  4.5896519e+03
  417   48   29246   29294   0    15    13     6  4.5896519e+03
  418    8   29294   29302   0    12    12    12  4.6109991e+03
  419   24   29350   29374   0    16    13     3  4.6323463e+03
  420   48   29374   29422   0    13    12    11  4.6323463e+03
  421   24   29422   29446   0    16    12     6  4.6536935e+03
  422   24   29518   29542   0    13    13    10  4.6750407e+03
  423   24   29542   29566   0    14    11    11  4.6750407e+03
  424   48   29566   29614   0    14    12    10  4.6963879e+03
  425   48   29734   29782   0    15    14     5  4.7604296e+03
  426   48   29782   29830   0    14    13     9  4.7604296e+03
  427   48   29830   29878   0    15    11    10  4.7604296e+03
  428   12   29902   29914   0    15    15     0  4.8031240e+03
  429   24   29914   29938   0    16    13     5  4.8031240e+03
  430   48   29938   29986   0    15    12     9  4.8031240e+03
  431   12   30010   30022   0    16    14     0  4.8244712e+03
  432   24   30046   30070   0    15    15     2  4.8458185e+03
  433   24   30070   30094   0    16    14     2  4.8671657e+03
  434   24   30094   30118   0    14    14     8  4.8671657e+03
  435   12   30118   30130   0    16    10    10  4.8671657e+03
  436   48   30202   30250   0    15    13     8  4.8885129e+03
  437   24   30250   30274   0    16    11     9  4.8885129e+03
  438   24   30418   30442   0    16    12     8  4.9525546e+03
  439   24   30490   30514   0    15    15     4  4.9739018e+03
  440   24   30538   30562   0    16    14     4  4.9952490e+03
  441   48   30610   30658   0    15    14     7  5.0165962e+03
  442   24   30682   30706   0    16    13     7  5.0592906e+03
  443   24   30862   30886   0    16    15     1  5.1446795e+03
  444   24   30886   30910   0    13    13    12  5.1446795e+03
  445   24   30910   30934   0    14    12    12  5.1660267e+03
  446   24   31006   31030   0    15    15     6  5.1873740e+03
  447   48   31030   31078   0    14    13    11  5.1873740e+03
  448   24   31078   31102   0    16    14     6  5.2087212e+03
  449   24   31126   31150   0    16    15     3  5.2300684e+03
  450   48   31150   31198   0    15    12    11  5.2300684e+03
  451   24   31198   31222   0    14    14    10  5.2514156e+03
  452   48   31222   31270   0    15    13    10  5.2727628e+03
  453   12   31294   31306   0    16    11    11  5.3154573e+03
  454   24   31330   31354   0    16    12    10  5.3368045e+03
  455   48   31378   31426   0    15    14     9  5.3581517e+03
  456   24   31426   31450   0    16    15     5  5.4008461e+03
  457   24   31450   31474   0    16    13     9  5.4008461e+03
  458    3   31530   31533   0    16    16     0  5.4648878e+03
  459   24   31587   31611   0    15    15     8  5.4862350e+03
  460    6   31659   31665   0    16    16     2  5.5075822e+03
  461   24   31665   31689   0    16    14     8  5.5075822e+03
  462    6   31815   31821   0    16    16     4  5.6356655e+03
  463   24   31821   31845   0    16    15     7  5.6570127e+03
  464   24   31893   31917   0    14    13    13  5.6997072e+03
  465   24   31917   31941   0    14    14    12  5.7210544e+03
  466   48   31947   31995   0    15    13    12  5.7424016e+03
  467   48   31995   32043   0    15    14    11  5.7850961e+03
  468   12   32043   32055   0    16    12    12  5.8064433e+03
  469   24   32079   32103   0    16    13    11  5.8277905e+03
  470    6   32103   32109   0    16    16     6  5.8491377e+03
  471   24   32109   32133   0    15    15    10  5.8704849e+03
  472   24   32133   32157   0    16    14    10  5.8918321e+03
  473   24   32187   32211   0    16    15     9  5.9985682e+03
  474    6   32355   32361   0    16    16     8  6.1479988e+03
  475    8   32385   32393   0    14    14    14  6.2760821e+03
  476   48   32393   32441   0    15    14    13  6.2974293e+03
  477   24   32447   32471   0    15    15    12  6.3401237e+03
  478   12   32471   32483   0    16    13    13  6.3401237e+03
  479   24   32483   32507   0    16    14    12  6.3614709e+03
  480   24   32507   32531   0    16    15    11  6.4255126e+03
  481    6   32531   32537   0    16    16    10  6.5322487e+03
  482   24   32639   32663   0    15    15    14  6.8951514e+03
  483   12   32663   32675   0    16    14    14  6.9164986e+03
  484   24   32675   32699   0    16    15    13  6.9378458e+03
  485    6   32699   32705   0    16    16    12  7.0018875e+03
  486   12   32743   32755   0    16    15    15  7.5355679e+03
  487    6   32755   32761   0    16    16    14  7.5569151e+03
  488    1   32767   32768   0    16    16    16  8.1973317e+03
